39 0.147837 0.453571 0.112981 0.107143
26 0.247596 0.422619 0.043269 0.050000
2 0.282452 0.420238 0.036058 0.050000
4 0.312500 0.421429 0.033654 0.047619
4 0.343750 0.422619 0.028846 0.050000
12 0.376202 0.422619 0.040865 0.050000
8 0.683894 0.422619 0.036058 0.050000
11 0.713942 0.423810 0.038462 0.047619
1 0.746394 0.422619 0.031250 0.045238
8 0.772837 0.422619 0.031250 0.045238
1 0.802885 0.421429 0.033654 0.047619
4 0.831731 0.422619 0.028846 0.050000
6 0.855769 0.423810 0.028846 0.047619
3 0.885817 0.423810 0.031250 0.047619
9 0.913462 0.423810 0.033654 0.047619
9 0.943510 0.423810 0.036058 0.047619
10 0.241587 0.486905 0.040865 0.050000
8 0.274038 0.486905 0.033654 0.050000
2 0.307692 0.485714 0.028846 0.052381
5 0.337740 0.484524 0.036058 0.045238
3 0.367788 0.486905 0.033654 0.050000
3 0.396635 0.486905 0.024038 0.050000
2 0.421875 0.486905 0.031250 0.050000
16 0.478365 0.485714 0.043269 0.047619
11 0.514423 0.485714 0.038462 0.047619
37 0.542067 0.482143 0.031250 0.054762
29 0.569712 0.484524 0.033654 0.050000
0 0.620192 0.486905 0.024038 0.045238
4 0.645433 0.485714 0.031250 0.042857
8 0.673077 0.486905 0.033654 0.045238
0 0.700721 0.488095 0.026442 0.042857
36 0.719952 0.488095 0.021635 0.042857
1 0.742788 0.486905 0.033654 0.045238
9 0.772837 0.484524 0.036058 0.050000
0 0.800481 0.485714 0.024038 0.052381
7 0.824519 0.485714 0.033654 0.042857
0 0.076923 0.555952 0.024038 0.050000
9 0.103365 0.558333 0.038462 0.050000
38 0.135817 0.551190 0.031250 0.050000
1 0.167067 0.555952 0.036058 0.050000
9 0.198317 0.557143 0.036058 0.047619
9 0.231971 0.558333 0.036058 0.050000
9 0.265625 0.557143 0.036058 0.047619
38 0.299279 0.551190 0.031250 0.050000
0 0.325721 0.555952 0.026442 0.050000
1 0.350962 0.555952 0.033654 0.050000
9 0.379808 0.554762 0.033654 0.047619
9 0.414663 0.555952 0.036058 0.050000
9 0.450721 0.554762 0.036058 0.052381
