20 0.224 0.459 0.049 0.046
3 0.268 0.458 0.047 0.052
9 0.312 0.459 0.04 0.045
0 0.354 0.461 0.04 0.045
9 0.396 0.462 0.04 0.045
9 0.436 0.463 0.04 0.045
1 0.495 0.468 0.04 0.045
2 0.532 0.468 0.04 0.045
4 0.574 0.468 0.04 0.045
38 0.613 0.473 0.04 0.045
2 0.646 0.472 0.035 0.045
9 0.68 0.475 0.035 0.045
3 0.709 0.477 0.035 0.045
9 0.737 0.477 0.035 0.045
38 0.767 0.476 0.035 0.045
1 0.799 0.479 0.035 0.045
9 0.827 0.478 0.035 0.045
3 0.852 0.482 0.035 0.045
7 0.877 0.482 0.035 0.045
9 0.902 0.484 0.032 0.039
8 0.054 0.517 0.046 0.055
12 0.107 0.521 0.055 0.058
1 0.161 0.525 0.055 0.058
5 0.213 0.524 0.055 0.058
20 0.262 0.522 0.055 0.058
3 0.307 0.524 0.042 0.053
9 0.352 0.523 0.042 0.053
0 0.396 0.525 0.042 0.053
9 0.436 0.522 0.042 0.053
9 0.477 0.524 0.042 0.053
1 0.536 0.528 0.042 0.053
2 0.575 0.526 0.042 0.053
4 0.618 0.526 0.042 0.053
38 0.655 0.527 0.04 0.045
2 0.69 0.527 0.04 0.045
9 0.722 0.527 0.04 0.045
3 0.755 0.532 0.035 0.045
9 0.782 0.527 0.035 0.045
38 0.812 0.533 0.035 0.045
1 0.843 0.532 0.035 0.045
9 0.868 0.532 0.035 0.045
3 0.895 0.534 0.035 0.045
7 0.921 0.532 0.035 0.045
9 0.947 0.532 0.035 0.045
