39 0.101 0.459 0.149 0.115
20 0.269 0.428 0.038 0.048
27 0.308 0.428 0.038 0.048
10 0.356 0.43 0.038 0.048
17 0.389 0.428 0.038 0.048
13 0.602 0.43 0.036 0.048
28 0.636 0.43 0.036 0.048
22 0.669 0.43 0.036 0.048
14 0.706 0.433 0.036 0.048
9 0.756 0.433 0.036 0.048
9 0.79 0.435 0.036 0.048
1 0.823 0.433 0.036 0.048
3 0.857 0.433 0.036 0.048
36 0.888 0.433 0.036 0.048
8 0.946 0.44 0.036 0.048
0 0.917 0.431 0.031 0.046
2 0.421 0.428 0.038 0.048
1 0.457 0.43 0.038 0.048
8 0.209 0.481 0.038 0.048
12 0.243 0.481 0.038 0.048
1 0.279 0.481 0.038 0.048
5 0.312 0.481 0.038 0.048
20 0.346 0.483 0.038 0.048
3 0.38 0.483 0.034 0.048
9 0.411 0.486 0.034 0.048
0 0.439 0.483 0.031 0.048
9 0.466 0.486 0.034 0.048
9 0.5 0.486 0.034 0.048
