39 0.103 0.525 0.163 0.132
20 0.285 0.484 0.036 0.05
27 0.321 0.484 0.036 0.05
10 0.376 0.487 0.036 0.05
17 0.412 0.487 0.036 0.05
2 0.446 0.487 0.036 0.05
1 0.48 0.488 0.046 0.053
13 0.629 0.489 0.036 0.05
28 0.662 0.487 0.036 0.05
22 0.698 0.489 0.036 0.05
14 0.732 0.489 0.036 0.05
9 0.782 0.489 0.036 0.05
9 0.816 0.489 0.036 0.05
1 0.85 0.492 0.036 0.05
3 0.883 0.492 0.036 0.05
36 0.915 0.494 0.036 0.05
8 0.972 0.499 0.036 0.05
0 0.942 0.489 0.029 0.05
8 0.219 0.543 0.038 0.053
12 0.258 0.543 0.041 0.053
1 0.294 0.544 0.036 0.05
5 0.331 0.544 0.036 0.05
20 0.363 0.543 0.043 0.053
3 0.4 0.544 0.036 0.05
9 0.436 0.544 0.036 0.05
9 0.492 0.544 0.036 0.05
9 0.526 0.546 0.038 0.053
0 0.463 0.546 0.026 0.053
