3 0.951923 0.579327 0.033654 0.052885
8 0.924279 0.578125 0.031250 0.050481
2 0.905048 0.573317 0.031250 0.055288
8 0.873798 0.567308 0.031250 0.052885
38 0.843750 0.558894 0.028846 0.050481
3 0.810096 0.558894 0.028846 0.050481
8 0.782452 0.557692 0.031250 0.052885
7 0.753606 0.551683 0.036058 0.060096
1 0.722356 0.549279 0.036058 0.060096
38 0.682692 0.540865 0.038462 0.052885
9 0.646635 0.539663 0.038462 0.055288
0 0.610577 0.534856 0.038462 0.055288
9 0.548077 0.524038 0.043269 0.057692
9 0.504808 0.519231 0.048077 0.062500
8 0.075721 0.461538 0.060096 0.076923
12 0.145433 0.466346 0.064904 0.081731
0 0.200721 0.475962 0.060096 0.076923
6 0.260817 0.480769 0.060096 0.076923
22 0.313702 0.492788 0.060096 0.076923
3 0.367788 0.500000 0.048077 0.076923
6 0.414663 0.503606 0.050481 0.074519
0 0.462740 0.512019 0.045673 0.067308
