8 0.054 0.484 0.071 0.09
9 0.135 0.486 0.071 0.088
0 0.197 0.487 0.051 0.087
6 0.254 0.487 0.062 0.086
22 0.317 0.488 0.054 0.088
3 0.368 0.488 0.054 0.088
6 0.421 0.49 0.054 0.088
0 0.466 0.487 0.051 0.087
9 0.505 0.485 0.051 0.087
9 0.551 0.489 0.051 0.087
0 0.614 0.485 0.051 0.087
9 0.653 0.484 0.043 0.084
38 0.689 0.486 0.04 0.086
38 0.847 0.487 0.035 0.059
1 0.724 0.489 0.042 0.062
7 0.757 0.49 0.042 0.062
8 0.788 0.49 0.031 0.067
3 0.818 0.485 0.042 0.062
8 0.873 0.489 0.032 0.062
2 0.899 0.491 0.032 0.062
8 0.922 0.489 0.029 0.063
3 0.945 0.492 0.032 0.062
