39 0.266827 0.433894 0.326923 0.137019
10 0.645433 0.425481 0.084135 0.105769
11 0.724760 0.425481 0.084135 0.100962
37 0.806490 0.419471 0.074519 0.098558
10 0.873798 0.427885 0.084135 0.100962
8 0.147837 0.587740 0.079327 0.108173
12 0.224760 0.587740 0.079327 0.108173
0 0.289663 0.588942 0.069712 0.100962
6 0.353365 0.588942 0.076923 0.110577
22 0.429087 0.587740 0.084135 0.108173
3 0.510817 0.587740 0.079327 0.108173
6 0.581731 0.588942 0.072115 0.105769
0 0.643029 0.588942 0.069712 0.100962
9 0.713942 0.593750 0.076923 0.105769
9 0.795673 0.593750 0.076923 0.105769
