26 0.207933 0.370192 0.064904 0.086538
2 0.292067 0.381010 0.064904 0.084135
4 0.384615 0.391827 0.062500 0.081731
4 0.468750 0.391827 0.062500 0.081731
12 0.551683 0.391827 0.069712 0.081731
8 0.126202 0.531250 0.064904 0.086538
11 0.210337 0.539663 0.064904 0.084135
1 0.300481 0.544471 0.067308 0.088942
8 0.382212 0.540865 0.062500 0.081731
1 0.472356 0.538462 0.064904 0.091346
4 0.567308 0.542067 0.067308 0.088942
6 0.646635 0.549279 0.062500 0.088942
3 0.731971 0.546875 0.060096 0.084135
9 0.825721 0.545673 0.060096 0.081731
9 0.912260 0.545673 0.064904 0.086538
