8 0.057692 0.688702 0.067308 0.084135
9 0.125000 0.695913 0.067308 0.084135
0 0.182692 0.701923 0.052885 0.076923
6 0.242788 0.706731 0.052885 0.076923
22 0.292067 0.712740 0.064904 0.079327
3 0.343750 0.718750 0.048077 0.081731
6 0.397837 0.724760 0.055288 0.079327
0 0.439904 0.725962 0.048077 0.076923
9 0.481971 0.730769 0.045673 0.067308
9 0.527644 0.730769 0.045673 0.067308
0 0.588942 0.741587 0.038462 0.064904
9 0.623798 0.742788 0.045673 0.067308
38 0.665865 0.748798 0.043269 0.060096
1 0.701923 0.753606 0.038462 0.064904
7 0.736779 0.754808 0.036058 0.067308
8 0.765625 0.754808 0.040865 0.052885
3 0.796875 0.760817 0.036058 0.055288
38 0.825721 0.762019 0.040865 0.057692
8 0.860577 0.766827 0.038462 0.057692
2 0.891827 0.771635 0.028846 0.057692
8 0.915865 0.772837 0.024038 0.060096
3 0.943510 0.778846 0.036058 0.052885
