8 0.062 0.194 0.062 0.079
9 0.127 0.198 0.062 0.079
0 0.179 0.198 0.065 0.079
6 0.24 0.206 0.062 0.079
22 0.296 0.21 0.062 0.079
3 0.345 0.22 0.055 0.079
6 0.393 0.225 0.055 0.079
0 0.44 0.23 0.043 0.079
9 0.483 0.232 0.043 0.079
9 0.529 0.234 0.043 0.079
0 0.587 0.242 0.043 0.079
9 0.63 0.242 0.043 0.079
38 0.668 0.248 0.034 0.062
1 0.706 0.254 0.036 0.065
7 0.737 0.256 0.036 0.065
8 0.768 0.258 0.036 0.065
3 0.799 0.266 0.036 0.065
38 0.834 0.262 0.034 0.062
8 0.859 0.261 0.036 0.065
2 0.891 0.267 0.026 0.062
8 0.915 0.27 0.036 0.055
3 0.945 0.279 0.038 0.058
