39 0.122596 0.350962 0.173077 0.076923
20 0.319712 0.344952 0.048077 0.064904
27 0.361779 0.349760 0.045673 0.060096
10 0.423077 0.349760 0.048077 0.060096
9 0.718750 0.354567 0.043269 0.055288
9 0.754808 0.355769 0.043269 0.052885
1 0.790865 0.355769 0.043269 0.048077
2 0.829327 0.358173 0.048077 0.052885
36 0.866587 0.360577 0.045673 0.052885
0 0.896635 0.360577 0.028846 0.057692
8 0.927885 0.361779 0.048077 0.060096
39 0.093750 0.433894 0.125000 0.079327
8 0.250000 0.427885 0.043269 0.052885
12 0.290865 0.427885 0.043269 0.052885
0 0.328125 0.432692 0.040865 0.057692
6 0.355769 0.432692 0.043269 0.057692
22 0.400240 0.432692 0.040865 0.057692
4 0.436298 0.432692 0.040865 0.057692
2 0.473558 0.432692 0.043269 0.057692
0 0.503606 0.432692 0.036058 0.057692
9 0.539663 0.432692 0.040865 0.052885
9 0.575721 0.432692 0.040865 0.052885
