4 0.290865 0.497596 0.048077 0.052885
2 0.332933 0.492788 0.045673 0.052885
0 0.372596 0.492788 0.048077 0.057692
9 0.408654 0.493990 0.048077 0.060096
9 0.456731 0.492788 0.048077 0.057692
0 0.522837 0.493990 0.055288 0.060096
9 0.576923 0.497596 0.052885 0.062500
2 0.670673 0.493990 0.048077 0.055288
0 0.713942 0.493990 0.048077 0.055288
8 0.057692 0.493990 0.052885 0.060096
12 0.108173 0.492788 0.062500 0.072115
0 0.152644 0.495192 0.045673 0.076923
6 0.200721 0.492788 0.055288 0.072115
38 0.865385 0.498798 0.057692 0.055288
