39 0.136 0.462 0.161 0.082
39 0.115 0.542 0.135 0.075
20 0.327 0.458 0.043 0.055
27 0.364 0.459 0.05 0.062
10 0.427 0.459 0.05 0.062
9 0.724 0.465 0.048 0.06
9 0.76 0.468 0.048 0.06
1 0.804 0.468 0.046 0.055
2 0.84 0.468 0.046 0.055
36 0.877 0.469 0.043 0.053
0 0.904 0.47 0.043 0.055
8 0.942 0.47 0.043 0.055
8 0.255 0.54 0.043 0.055
12 0.296 0.54 0.043 0.055
0 0.327 0.542 0.038 0.06
6 0.361 0.544 0.038 0.06
22 0.399 0.544 0.038 0.06
4 0.435 0.544 0.038 0.06
2 0.474 0.544 0.038 0.06
0 0.498 0.544 0.038 0.06
9 0.536 0.547 0.038 0.06
9 0.577 0.544 0.043 0.06
