39 0.142 0.331 0.17 0.075
39 0.114 0.412 0.112 0.078
20 0.318 0.331 0.048 0.057
27 0.359 0.33 0.048 0.057
10 0.413 0.334 0.048 0.057
9 0.698 0.339 0.047 0.063
9 0.736 0.34 0.043 0.057
1 0.769 0.342 0.043 0.057
2 0.804 0.342 0.048 0.057
36 0.841 0.344 0.043 0.043
0 0.866 0.345 0.04 0.059
8 0.899 0.345 0.04 0.059
8 0.254 0.409 0.04 0.059
12 0.291 0.411 0.04 0.059
0 0.321 0.411 0.04 0.059
6 0.352 0.416 0.04 0.059
22 0.389 0.416 0.04 0.059
4 0.426 0.417 0.04 0.059
2 0.458 0.414 0.04 0.059
0 0.484 0.413 0.04 0.059
9 0.522 0.414 0.04 0.059
9 0.561 0.416 0.04 0.059
