26 0.200721 0.387019 0.069712 0.081731
2 0.290865 0.402644 0.072115 0.084135
4 0.382212 0.411058 0.062500 0.081731
4 0.469952 0.409856 0.064904 0.079327
12 0.554087 0.411058 0.064904 0.081731
8 0.103365 0.552885 0.067308 0.086538
11 0.193510 0.562500 0.069712 0.086538
1 0.288462 0.566106 0.072115 0.088942
8 0.376202 0.560096 0.069712 0.086538
1 0.473558 0.558894 0.072115 0.084135
4 0.572115 0.560096 0.067308 0.086538
6 0.655048 0.564904 0.069712 0.086538
3 0.743990 0.561298 0.069712 0.088942
9 0.837740 0.560096 0.064904 0.081731
9 0.926683 0.557692 0.064904 0.081731
