26 0.170915 0.373688 0.071964 0.090705
2 0.270240 0.383433 0.074963 0.089955
4 0.370690 0.392804 0.071964 0.086957
4 0.466829 0.387556 0.070090 0.088456
12 0.558846 0.385682 0.071964 0.086957
8 0.069715 0.569903 0.068216 0.095577
11 0.167166 0.576462 0.072714 0.092954
1 0.267804 0.575712 0.072339 0.092954
8 0.366754 0.567654 0.073838 0.096327
1 0.464580 0.559970 0.073838 0.095202
4 0.568966 0.562969 0.071964 0.092954
6 0.657046 0.565592 0.075712 0.096702
3 0.755997 0.562031 0.074213 0.098576
9 0.862069 0.549288 0.071214 0.097826
9 0.954835 0.547789 0.071589 0.097076
