39 0.142 0.43 0.101 0.101
26 0.24 0.398 0.043 0.046
2 0.276 0.397 0.029 0.043
4 0.309 0.398 0.026 0.041
4 0.339 0.4 0.029 0.041
12 0.37 0.398 0.038 0.046
8 0.68 0.401 0.029 0.043
11 0.71 0.403 0.031 0.046
1 0.743 0.404 0.029 0.043
8 0.772 0.401 0.029 0.038
1 0.8 0.4 0.029 0.046
4 0.827 0.4 0.029 0.041
6 0.855 0.4 0.026 0.046
3 0.882 0.399 0.029 0.038
9 0.911 0.4 0.034 0.041
9 0.945 0.403 0.034 0.046
10 0.233 0.462 0.034 0.043
8 0.267 0.46 0.034 0.041
2 0.299 0.464 0.031 0.043
5 0.333 0.464 0.031 0.043
3 0.362 0.464 0.031 0.043
0 0.389 0.465 0.024 0.05
2 0.416 0.463 0.034 0.046
16 0.474 0.463 0.038 0.046
11 0.508 0.464 0.036 0.053
37 0.537 0.462 0.026 0.048
29 0.565 0.463 0.034 0.046
0 0.615 0.464 0.024 0.043
4 0.639 0.463 0.029 0.046
8 0.669 0.463 0.031 0.046
0 0.695 0.464 0.024 0.043
36 0.716 0.464 0.019 0.034
1 0.739 0.464 0.031 0.038
9 0.77 0.464 0.031 0.043
0 0.794 0.464 0.022 0.043
7 0.821 0.463 0.031 0.041
0 0.066 0.534 0.026 0.053
9 0.096 0.532 0.034 0.05
38 0.127 0.53 0.034 0.05
1 0.156 0.53 0.034 0.05
9 0.19 0.53 0.034 0.05
9 0.224 0.53 0.034 0.05
9 0.257 0.53 0.034 0.05
38 0.291 0.528 0.034 0.05
0 0.316 0.53 0.031 0.05
1 0.343 0.53 0.031 0.05
9 0.374 0.53 0.031 0.05
9 0.406 0.529 0.034 0.048
9 0.44 0.531 0.034 0.048
