39 0.094952 0.348558 0.108173 0.081731
10 0.187500 0.330529 0.038462 0.055288
8 0.218750 0.332933 0.028846 0.045673
2 0.248798 0.331731 0.031250 0.048077
5 0.278846 0.331731 0.028846 0.048077
9 0.304087 0.332933 0.026442 0.040865
4 0.332933 0.331731 0.036058 0.048077
0 0.362981 0.332933 0.024038 0.045673
10 0.415865 0.336538 0.033654 0.048077
4 0.449519 0.331731 0.028846 0.048077
2 0.474760 0.332933 0.031250 0.040865
6 0.503606 0.331731 0.031250 0.048077
12 0.528846 0.331731 0.028846 0.048077
21 0.557692 0.331731 0.028846 0.048077
1 0.586538 0.331731 0.028846 0.048077
21 0.611779 0.331731 0.031250 0.043269
29 0.637019 0.331731 0.033654 0.038462
31 0.667067 0.332933 0.036058 0.040865
10 0.159856 0.385817 0.040865 0.055288
28 0.195913 0.385817 0.036058 0.045673
29 0.224760 0.387019 0.031250 0.048077
22 0.256010 0.390625 0.036058 0.050481
10 0.313702 0.385817 0.036058 0.040865
4 0.344952 0.385817 0.036058 0.055288
2 0.373798 0.385817 0.031250 0.045673
6 0.402644 0.385817 0.036058 0.055288
37 0.432692 0.384615 0.033654 0.048077
10 0.457933 0.385817 0.031250 0.040865
4 0.487981 0.385817 0.033654 0.045673
2 0.516827 0.385817 0.033654 0.040865
6 0.546875 0.385817 0.031250 0.045673
22 0.575721 0.387019 0.036058 0.048077
22 0.631010 0.385817 0.040865 0.040865
29 0.659856 0.384615 0.036058 0.043269
0 0.159856 0.438702 0.040865 0.045673
6 0.195913 0.433894 0.040865 0.045673
38 0.225962 0.433894 0.028846 0.040865
1 0.254808 0.433894 0.033654 0.050481
3 0.286058 0.433894 0.033654 0.050481
7 0.319712 0.433894 0.033654 0.050481
4 0.349760 0.433894 0.036058 0.050481
38 0.379808 0.438702 0.033654 0.050481
0 0.403846 0.433894 0.033654 0.050481
1 0.437500 0.433894 0.033654 0.050481
9 0.468750 0.433894 0.033654 0.050481
9 0.497596 0.432692 0.033654 0.048077
9 0.527644 0.432692 0.036058 0.048077
8 0.676683 0.433894 0.036058 0.050481
11 0.706731 0.429087 0.038462 0.055288
0 0.736779 0.432692 0.036058 0.048077
7 0.766827 0.432692 0.033654 0.048077
0 0.792067 0.427885 0.026442 0.048077
9 0.820913 0.432692 0.026442 0.048077
1 0.855769 0.429087 0.033654 0.055288
1 0.884615 0.432692 0.033654 0.052885
9 0.911058 0.426683 0.033654 0.055288
9 0.944712 0.427885 0.033654 0.052885
1 0.147837 0.487981 0.036058 0.052885
9 0.182692 0.485577 0.038462 0.052885
0 0.212740 0.485577 0.031250 0.048077
8 0.243990 0.485577 0.031250 0.048077
17 0.277644 0.485577 0.031250 0.048077
27 0.307692 0.481971 0.028846 0.050481
25 0.342548 0.480769 0.031250 0.048077
9 0.368990 0.481971 0.031250 0.050481
2 0.402644 0.485577 0.031250 0.048077
7 0.433894 0.481971 0.031250 0.050481
30 0.498798 0.481971 0.031250 0.050481
29 0.527644 0.481971 0.031250 0.050481
3 0.557692 0.481971 0.028846 0.050481
2 0.587740 0.481971 0.031250 0.050481
4 0.617788 0.480769 0.028846 0.048077
2 0.796875 0.480769 0.036058 0.052885
8 0.831731 0.480769 0.038462 0.052885
6 0.856971 0.480769 0.036058 0.052885
8 0.891827 0.480769 0.033654 0.052885
20 0.921875 0.481971 0.031250 0.050481
16 0.955529 0.485577 0.031250 0.048077
22 0.120192 0.556490 0.043269 0.060096
10 0.153846 0.554087 0.038462 0.060096
13 0.186298 0.555288 0.036058 0.057692
14 0.219952 0.554087 0.036058 0.060096
18 0.284856 0.552885 0.036058 0.057692
23 0.320913 0.551683 0.040865 0.060096
12 0.381010 0.551683 0.036058 0.060096
17 0.417067 0.551683 0.036058 0.060096
18 0.450721 0.551683 0.036058 0.060096
23 0.481971 0.551683 0.036058 0.060096
10 0.512019 0.551683 0.043269 0.060096
9 0.578125 0.550481 0.036058 0.057692
12 0.641827 0.551683 0.043269 0.060096
29 0.700721 0.546875 0.040865 0.060096
10 0.736779 0.549279 0.040865 0.060096
32 0.766827 0.548077 0.033654 0.057692
14 0.798077 0.546875 0.038462 0.060096
14 0.831731 0.545673 0.038462 0.057692
21 0.864183 0.548077 0.045673 0.062500
10 0.897837 0.549279 0.040865 0.060096
17 0.931490 0.546875 0.045673 0.060096
10 0.111779 0.616587 0.045673 0.060096
14 0.149038 0.616587 0.043269 0.060096
9 0.183894 0.617788 0.036058 0.057692
9 0.218750 0.617788 0.038462 0.057692
2 0.254808 0.611779 0.033654 0.060096
0 0.320913 0.612981 0.036058 0.057692
8 0.356971 0.612981 0.036058 0.057692
9 0.390625 0.611779 0.036058 0.064904
8 0.421875 0.611779 0.040865 0.060096
9 0.487981 0.611779 0.038462 0.060096
2 0.558894 0.611779 0.036058 0.060096
9 0.522837 0.611779 0.036058 0.060096
