39 0.093750 0.516827 0.168269 0.129808
20 0.286058 0.474760 0.043269 0.055288
27 0.326923 0.474760 0.043269 0.055288
10 0.384615 0.473558 0.043269 0.052885
17 0.425481 0.477163 0.038462 0.055288
2 0.461538 0.472356 0.038462 0.050481
1 0.497596 0.473558 0.038462 0.052885
13 0.656250 0.473558 0.038462 0.048077
28 0.693510 0.473558 0.036058 0.048077
22 0.727163 0.471154 0.040865 0.052885
14 0.763221 0.472356 0.036058 0.045673
9 0.816106 0.469952 0.040865 0.050481
9 0.852163 0.469952 0.040865 0.050481
1 0.888221 0.471154 0.036058 0.048077
3 0.921875 0.468750 0.036058 0.048077
36 0.955529 0.468750 0.036058 0.048077
0 0.984375 0.468750 0.031250 0.048077
8 0.216346 0.532452 0.043269 0.055288
12 0.256010 0.532452 0.036058 0.055288
1 0.294471 0.531250 0.040865 0.052885
5 0.336538 0.530048 0.038462 0.050481
20 0.372596 0.530048 0.038462 0.050481
3 0.413462 0.531250 0.038462 0.048077
9 0.449519 0.530048 0.038462 0.050481
0 0.479567 0.533654 0.031250 0.052885
9 0.509615 0.532452 0.038462 0.055288
9 0.544471 0.533654 0.040865 0.057692
