20 0.224760 0.465144 0.050481 0.069712
3 0.274038 0.462740 0.048077 0.064904
9 0.320913 0.469952 0.050481 0.064904
0 0.367788 0.474760 0.048077 0.064904
9 0.408654 0.474760 0.048077 0.064904
9 0.456731 0.474760 0.048077 0.064904
1 0.515625 0.480769 0.040865 0.052885
2 0.551683 0.480769 0.040865 0.052885
4 0.599760 0.481971 0.040865 0.055288
38 0.635817 0.486779 0.040865 0.055288
2 0.676683 0.486779 0.040865 0.055288
9 0.707933 0.491587 0.040865 0.055288
3 0.736779 0.492788 0.036058 0.052885
9 0.762019 0.492788 0.033654 0.052885
38 0.796875 0.493990 0.036058 0.055288
1 0.824519 0.498798 0.033654 0.055288
9 0.850962 0.493990 0.033654 0.055288
3 0.878606 0.500000 0.031250 0.048077
7 0.902644 0.500000 0.031250 0.048077
9 0.927885 0.500000 0.028846 0.048077
8 0.040865 0.545673 0.052885 0.072115
12 0.105769 0.548077 0.062500 0.076923
1 0.162260 0.550481 0.060096 0.072115
5 0.217548 0.551683 0.055288 0.069712
20 0.268029 0.551683 0.055288 0.069712
3 0.318510 0.551683 0.055288 0.069712
9 0.367788 0.551683 0.043269 0.064904
0 0.411058 0.554087 0.043269 0.064904
9 0.454327 0.554087 0.043269 0.064904
9 0.497596 0.554087 0.043269 0.064904
1 0.563702 0.556490 0.045673 0.064904
2 0.599760 0.558894 0.040865 0.064904
4 0.644231 0.558894 0.043269 0.064904
38 0.683894 0.558894 0.040865 0.064904
2 0.718750 0.563702 0.038462 0.060096
9 0.753606 0.560096 0.036058 0.057692
3 0.782452 0.563702 0.036058 0.060096
9 0.808894 0.560096 0.036058 0.057692
38 0.841346 0.563702 0.033654 0.060096
1 0.872596 0.566106 0.038462 0.060096
9 0.897837 0.568510 0.036058 0.060096
3 0.923077 0.566106 0.033654 0.060096
7 0.950721 0.566106 0.036058 0.055288
9 0.972356 0.568510 0.036058 0.055288
